#         t          x          y          z         vx         vy         vz
      0.000    -98.560   -119.990   -127.760    -28.430    173.920     93.230
      0.050    -99.891   -111.189   -122.984    -24.814    178.133     97.816
      0.100   -101.031   -102.175   -117.971    -20.765    182.432    102.690
      0.150   -101.955    -92.944   -112.707    -16.219    186.802    107.877
      0.200   -102.638    -83.493   -107.175    -11.098    191.219    113.406
      0.250   -103.048    -73.822   -101.357     -5.307    195.647    119.304
      0.300   -103.149    -63.930    -95.235      1.262    200.036    125.599
      0.350   -102.899    -53.821    -88.787      8.739    204.309    132.315
      0.400   -102.249    -43.504    -81.992     17.275    208.358    139.465
      0.450   -101.141    -32.994    -74.829     27.042    212.032    147.047
      0.500    -99.509    -22.316    -67.278     38.227    215.115    155.032
      0.550    -97.278    -11.505    -59.318     51.022    217.314    163.339
      0.600    -94.363     -0.616    -50.939     65.596    218.236    171.816
      0.650    -90.672     10.274    -42.139     82.037    217.378    180.199
      0.700    -86.114     21.062    -32.932    100.276    214.145    188.082
      0.750    -80.608     31.614    -23.357    119.973    207.922    194.896
      0.800    -74.098     41.767    -13.486    140.410    198.228    199.954
      0.850    -66.576     51.347     -3.423    160.486    184.939    202.581
      0.900    -58.092     60.183      6.689    178.865    168.497    201.906
      0.950    -48.763     68.144     16.695    194.291    149.971    198.314
      1.000    -38.753     75.159     26.460    206.115    130.610    192.287
      1.050    -28.243     81.213     35.880    214.277    111.559    184.523
      1.100    -17.407     86.343     44.887    219.161     93.633    175.739
      1.150     -6.394     90.615     53.443    221.361     77.276    166.532
      1.200      4.677     94.114     61.540    221.497     62.644    157.327
      1.250     15.718     96.922     69.183    220.116     49.704    148.393
      1.300     26.662     99.123     76.390    217.657     38.329    139.881
      1.350     37.465    100.790     83.183    214.455     28.349    131.860
      1.400     48.095    101.988     89.589    210.760     19.590    124.351
      1.450     58.533    102.775     95.631    206.749     11.889    117.346
      1.500     68.765    103.200    101.335    202.553      5.099    110.820
      1.550     78.786    103.305    106.724    198.262     -0.907    104.740
      1.600     88.591    103.126    111.819    193.940     -6.238     99.071
      1.650     98.180    102.696    116.641    189.631    -10.985     93.780
      1.700    107.555    102.040    121.206    185.368    -15.228     88.831
      1.750    116.719    101.184    125.532    181.170    -19.032     84.195
      1.800    125.674    100.147    129.633    177.051    -22.454     79.844
      1.850    134.426     98.947    133.522    173.019    -25.540     75.750
      1.900    142.978     97.600    137.213    169.079    -28.331     71.893
      1.950    151.336     96.120    140.717    165.233    -30.862     68.250
      2.000    159.504     94.520    144.043    161.483    -33.163     64.803
      2.050    167.487     92.809    147.202    157.826    -35.258     61.536
      2.100    175.289     90.998    150.201    154.260    -37.170     58.434
      2.150    182.915     89.096    153.049    150.785    -38.917     55.484
      2.200    190.369     87.110    155.753    147.395    -40.517     52.672
      2.250    197.657     85.048    158.320    144.090    -41.984     49.990
      2.300    204.780     82.915    160.755    140.865    -43.330     47.426
      2.350    211.745     80.718    163.065    137.717    -44.566     44.972
      2.400    218.554     78.461    165.255    134.643    -45.704     42.621
      2.450    225.211     76.150    167.329    131.639    -46.750     40.365
      2.500    231.720     73.788    169.293    128.704    -47.713     38.197
      2.550    238.083     71.380    171.151    125.833    -48.600     36.112
      2.600    244.304     68.930    172.907    123.024    -49.417     34.104
      2.650    250.387     66.440    174.563    120.274    -50.170     32.168
      2.700    256.333     63.914    176.125    117.581    -50.863     30.299
      2.750    262.146     61.355    177.595    114.941    -51.500     28.495
      2.800    267.829     58.765    178.976    112.353    -52.087     26.749
      2.850    273.383     56.148    180.271    109.814    -52.626     25.060
      2.900    278.811     53.504    181.483    107.322    -53.121     23.425
      2.950    284.116     50.837    182.615    104.875    -53.574     21.839
      3.000    289.300     48.147    183.668    102.472    -53.989     20.300
      3.050    294.364     45.439    184.646    100.109    -54.368     18.806
      3.100    299.312     42.711    185.550     97.785    -54.713     17.354
      3.150    304.144     39.968    186.382     95.499    -55.026     15.942
      3.200    308.863     37.210    187.145     93.250    -55.310     14.568
      3.250    313.470     34.438    187.840     91.034    -55.565     13.231
      3.300    317.967     31.654    188.469     88.852    -55.793     11.927
      3.350    322.356     28.859    189.034     86.701    -55.996     10.657
      3.400    326.638     26.055    189.535     84.580    -56.176      9.417
      3.450    330.814     23.242    189.976     82.489    -56.333      8.208
      3.500    334.887     20.422    190.357     80.425    -56.468      7.026
      3.550    338.858     17.596    190.679     78.388    -56.583      5.872
      3.600    342.727     14.764    190.945     76.377    -56.678      4.744
      3.650    346.496     11.928    191.154     74.390    -56.755      3.640
      3.700    350.166      9.089    191.309     72.426    -56.815      2.560
      3.750    353.739      6.247    191.411     70.486    -56.857      1.503
      3.800    357.215      3.404    191.460     68.566    -56.883      0.467
      3.850    360.596      0.559    191.458     66.668    -56.893     -0.548
      3.900    363.883     -2.285    191.406     64.789    -56.889     -1.543
      3.950    367.076     -5.129    191.304     62.929    -56.870     -2.518
      4.000    370.176     -7.972    191.155     61.088    -56.837     -3.475
      4.050    373.185    -10.813    190.957     59.264    -56.791     -4.415
      4.100    376.103    -13.651    190.714     57.457    -56.732     -5.337
      4.150    378.931    -16.485    190.424     55.666    -56.661     -6.243
      4.200    381.670    -19.316    190.090     53.890    -56.577     -7.133
      4.250    384.320    -22.143    189.711     52.129    -56.482     -8.008
      4.300    386.883    -24.964    189.289     50.383    -56.375     -8.868
      4.350    389.359    -27.780    188.825     48.649    -56.258     -9.714
      4.400    391.748    -30.590    188.318     46.929    -56.129    -10.546
      4.450    394.052    -33.393    187.770     45.221    -55.990    -11.365
      4.500    396.271    -36.189    187.182     43.525    -55.841    -12.171
      4.550    398.405    -38.977    186.554     41.840    -55.681    -12.965
      4.600    400.455    -41.756    185.886     40.167    -55.512    -13.747
      4.650    402.422    -44.528    185.179     38.503    -55.333    -14.517
      4.700    404.306    -47.290    184.434     36.849    -55.145    -15.277
      4.750    406.107    -50.042    183.652     35.204    -54.948    -16.025
      4.800    407.826    -52.784    182.832     33.569    -54.741    -16.763
      4.850    409.464    -55.516    181.976     31.941    -54.525    -17.491
      4.900    411.021    -58.236    181.083     30.322    -54.301    -18.209
      4.950    412.496    -60.946    180.155     28.710    -54.067    -18.917
      5.000    413.892    -63.643    179.192     27.105    -53.825    -19.617
      5.050    415.207    -66.328    178.194     25.507    -53.575    -20.307
      5.100    416.443    -69.000    177.161     23.915    -53.316    -20.988
      5.150    417.599    -71.659    176.095     22.329    -53.048    -21.662
      5.200    418.676    -74.305    174.995     20.749    -52.773    -22.326
      5.250    419.674    -76.936    173.863     19.173    -52.488    -22.983
      5.300    420.593    -79.553    172.697     17.603    -52.196    -23.633
      5.350    421.434    -82.156    171.500     16.036    -51.895    -24.274
      5.400    422.197    -84.743    170.270     14.474    -51.586    -24.908
      5.450    422.881    -87.314    169.009     12.915    -51.269    -25.535
      5.500    423.488    -89.869    167.717     11.360    -50.943    -26.156
      5.550    424.018    -92.408    166.394      9.808    -50.609    -26.769
      5.600    424.469    -94.930    165.040      8.258    -50.267    -27.376
      5.650    424.843    -97.435    163.656      6.710    -49.916    -27.976
      5.700    425.140    -99.922    162.242      5.164    -49.558    -28.570
      5.750    425.360   -102.390    160.799      3.620    -49.190    -29.158
      5.800    425.502   -104.840    159.327      2.077    -48.814    -29.740
      5.850    425.568   -107.271    157.825      0.535    -48.430    -30.316
      5.900    425.556   -109.683    156.295     -1.007    -48.037    -30.886
      5.950    425.467   -112.075    154.737     -2.548    -47.635    -31.451
      6.000    425.301   -114.446    153.150     -4.090    -47.225    -32.010
      6.050    425.058   -116.797    151.536     -5.632    -46.806    -32.564
      6.100    424.738   -119.127    149.894     -7.175    -46.377    -33.112
      6.150    424.340   -121.435    148.225     -8.719    -45.940    -33.656
      6.200    423.866   -123.721    146.529    -10.265    -45.493    -34.194
      6.250    423.314   -125.984    144.806    -11.812    -45.037    -34.728
      6.300    422.685   -128.224    143.056    -13.362    -44.571    -35.256
      6.350    421.978   -130.441    141.280    -14.914    -44.096    -35.780
      6.400    421.193   -132.633    139.478    -16.469    -43.611    -36.299
      6.450    420.331   -134.801    137.650    -18.027    -43.115    -36.814
      6.500    419.390   -136.945    135.797    -19.589    -42.610    -37.324
      6.550    418.372   -139.062    133.918    -21.155    -42.094    -37.829
      6.600    417.275   -141.154    132.014    -22.725    -41.568    -38.331
      6.650    416.099   -143.219    130.085    -24.300    -41.030    -38.827
      6.700    414.845   -145.257    128.132    -25.880    -40.482    -39.320
      6.750    413.511   -147.267    126.153    -27.466    -39.922    -39.808
      6.800    412.098   -149.248    124.151    -29.057    -39.350    -40.292
      6.850    410.605   -151.201    122.124    -30.655    -38.767    -40.771
      6.900    409.032   -153.125    120.074    -32.259    -38.171    -41.247
      6.950    407.379   -155.018    118.000    -33.870    -37.563    -41.718
      7.000    405.645   -156.881    115.902    -35.489    -36.942    -42.185
      7.050    403.830   -158.712    113.781    -37.116    -36.308    -42.648
      7.100    401.933   -160.511    111.637    -38.751    -35.660    -43.107
      7.150    399.954   -162.278    109.471    -40.395    -34.998    -43.562
      7.200    397.893   -164.011    107.281    -42.048    -34.322    -44.013
      7.250    395.749   -165.709    105.070    -43.711    -33.631    -44.459
      7.300    393.522   -167.373    102.835    -45.385    -32.925    -44.901
      7.350    391.211   -169.002    100.579    -47.069    -32.203    -45.340
      7.400    388.815   -170.593     98.302    -48.764    -31.465    -45.773
      7.450    386.334   -172.148     96.002    -50.471    -30.710    -46.203
      7.500    383.767   -173.664     93.681    -52.190    -29.938    -46.628
      7.550    381.115   -175.141     91.340    -53.923    -29.148    -47.049
      7.600    378.375   -176.578     88.977    -55.668    -28.340    -47.465
      7.650    375.547   -177.974     86.593    -57.428    -27.512    -47.877
      7.700    372.632   -179.329     84.189    -59.203    -26.665    -48.283
      7.750    369.627   -180.640     81.765    -60.993    -25.796    -48.686
      7.800    366.532   -181.908     79.321    -62.799    -24.907    -49.083
      7.850    363.346   -183.131     76.857    -64.622    -23.995    -49.475
      7.900    360.069   -184.307     74.373    -66.463    -23.060    -49.861
      7.950    356.700   -185.436     71.871    -68.321    -22.102    -50.242
      8.000    353.237   -186.516     69.349    -70.199    -21.118    -50.618
      8.050    349.679   -187.547     66.809    -72.097    -20.108    -50.987
      8.100    346.026   -188.527     64.251    -74.015    -19.071    -51.351
      8.150    342.277   -189.454     61.674    -75.955    -18.006    -51.708
      8.200    338.430   -190.326     59.080    -77.917    -16.911    -52.058
      8.250    334.485   -191.144     56.469    -79.903    -15.785    -52.401
      8.300    330.439   -191.904     53.840    -81.913    -14.627    -52.737
      8.350    326.293   -192.606     51.195    -83.949    -13.435    -53.065
      8.400    322.044   -193.247     48.534    -86.012    -12.208    -53.385
      8.450    317.691   -193.826     45.857    -88.102    -10.943    -53.696
      8.500    313.233   -194.340     43.164    -90.221     -9.639    -53.997
      8.550    308.668   -194.788     40.457    -92.370     -8.294    -54.289
      8.600    303.995   -195.168     37.736    -94.551     -6.906    -54.570
      8.650    299.212   -195.478     35.001    -96.765     -5.472    -54.840
      8.700    294.318   -195.714     32.252    -99.014     -3.990    -55.098
      8.750    289.310   -195.876     29.491   -101.298     -2.458    -55.342
      8.800    284.187   -195.959     26.718   -103.620     -0.872    -55.573
      8.850    278.947   -195.961     23.934   -105.981      0.772    -55.789
      8.900    273.588   -195.880     21.140   -108.382      2.475    -55.988
      8.950    268.108   -195.712     18.336   -110.827      4.242    -56.170
      9.000    262.504   -195.454     15.523   -113.316      6.077    -56.333
      9.050    256.775   -195.103     12.703   -115.853      7.985    -56.474
      9.100    250.918   -194.654      9.876   -118.438      9.969    -56.593
      9.150    244.930   -194.104      7.044   -121.074     12.036    -56.688
      9.200    238.809   -193.448      4.208   -123.763     14.191    -56.755
      9.250    232.552   -192.682      1.370   -126.509     16.440    -56.792
      9.300    226.157   -191.802     -1.470   -129.312     18.790    -56.791
      9.350    219.619   -190.801     -4.308   -132.177     21.248    -56.749
      9.400    212.937   -189.674     -7.144   -135.104     23.823    -56.665
      9.450    206.107   -188.415     -9.974   -138.098     26.525    -56.537
      9.500    199.126   -187.018    -12.796   -141.161     29.362    -56.359
      9.550    191.989   -185.475    -15.608   -144.295     32.347    -56.124
      9.600    184.694   -183.779    -18.407   -147.504     35.492    -55.827
      9.650    177.237   -181.922    -21.189   -150.789     38.812    -55.460
      9.700    169.614   -179.893    -23.951   -154.154     42.322    -55.014
      9.750    161.820   -177.684    -26.688   -157.600     46.040    -54.478
      9.800    153.852   -175.284    -29.396   -161.129     49.985    -53.841
      9.850    145.705   -172.679    -32.070   -164.741     54.182    -53.089
      9.900    137.375   -169.859    -34.702   -168.437     58.654    -52.206
      9.950    128.859   -166.806    -37.287   -172.215     63.432    -51.171
     10.000    120.152   -163.507    -39.815   -176.072     68.547    -49.963
